[0]=>[7]   置信度：0.4000
[7]=>[0]   置信度：0.4000
[0]=>[1]   置信度：0.4000
[1]=>[0]   置信度：0.5000
[0]=>[1, 7, 1]   置信度：0.4000
[1]=>[0, 7]   置信度：0.5000
[0, 1]=>[7]   置信度：1.0000
[7]=>[0, 1, 1]   置信度：0.4000
[0, 7]=>[1, 1]   置信度：1.0000
[7]=>[2]   置信度：0.4000
[2]=>[7]   置信度：0.5000
[7]=>[5]   置信度：0.6000
[5]=>[7]   置信度：0.7500
[7]=>[5, 1, 5]   置信度：0.4000
[5]=>[1, 7]   置信度：0.5000
[5, 7]=>[1]   置信度：0.6667
[1]=>[5, 5, 7]   置信度：0.5000
[1]=>[6]   置信度：0.5000
[6]=>[1]   置信度：0.5000
[1]=>[6, 2, 6]   置信度：0.5000
[6]=>[1, 2]   置信度：0.5000
[1, 6]=>[2]   置信度：1.0000
[2]=>[1, 6, 6]   置信度：0.5000
[1]=>[6, 2, 6, 7, 6]   置信度：0.5000
[6]=>[1, 2, 7]   置信度：0.5000
[1, 6]=>[2, 7]   置信度：1.0000
[2]=>[1, 6, 6, 6, 7]   置信度：0.5000
[1, 2, 6, 6]=>[7]   置信度：1.0000
[7]=>[1, 2, 6, 6, 6]   置信度：0.4000
[2, 7]=>[1, 6, 6, 6]   置信度：1.0000
[1]=>[9]   置信度：1.0000
[9]=>[1]   置信度：1.0000
[1]=>[9, 0, 9]   置信度：0.5000
[9]=>[0, 1]   置信度：0.5000
[1, 9]=>[0]   置信度：0.5000
[0]=>[1, 9, 9]   置信度：0.4000
[0, 1]=>[9, 9]   置信度：1.0000
[1]=>[9, 0, 9, 5, 9]   置信度：0.5000
[9]=>[0, 1, 5]   置信度：0.5000
[1, 9]=>[0, 5]   置信度：0.5000
[0]=>[1, 5, 9, 9, 9]   置信度：0.4000
[0, 1]=>[5, 9, 9, 9]   置信度：1.0000
[0, 1, 9]=>[5]   置信度：1.0000
[0, 1, 9, 9]=>[5]   置信度：1.0000
[5]=>[0, 1, 9, 9, 9]   置信度：0.5000
[1, 5, 9]=>[0]   置信度：1.0000
[1]=>[9, 0, 9, 5, 9, 6, 9]   置信度：0.5000
[9]=>[0, 1, 5, 6]   置信度：0.5000
[1, 9]=>[0, 5, 6]   置信度：0.5000
[0]=>[1, 5, 6, 9, 9, 9, 9]   置信度：0.4000
[0, 1]=>[5, 6, 9, 9, 9, 9]   置信度：1.0000
[0, 1, 9]=>[5, 6]   置信度：1.0000
[0, 1, 9, 9]=>[5, 6]   置信度：1.0000
[5]=>[0, 1, 6, 9, 9, 9, 9]   置信度：0.5000
[1, 5, 9]=>[0, 6]   置信度：1.0000
[0, 1, 5, 9, 9, 9]=>[6]   置信度：1.0000
[6]=>[0, 1, 5, 9, 9, 9, 9]   置信度：0.5000
[1, 6]=>[0, 5, 9, 9, 9, 9]   置信度：1.0000
[1, 6, 9]=>[0, 5]   置信度：1.0000
[1]=>[9, 0, 9, 5, 9, 6, 9, 7, 9]   置信度：0.5000
[9]=>[0, 1, 5, 6, 7]   置信度：0.5000
[1, 9]=>[0, 5, 6, 7]   置信度：0.5000
[0]=>[1, 5, 6, 7, 9, 9, 9, 9, 9]   置信度：0.4000
[0, 1]=>[5, 6, 7, 9, 9, 9, 9, 9]   置信度：1.0000
[0, 1, 9]=>[5, 6, 7]   置信度：1.0000
[0, 1, 9, 9]=>[5, 6, 7]   置信度：1.0000
[5]=>[0, 1, 6, 7, 9, 9, 9, 9, 9]   置信度：0.5000
[1, 5, 9]=>[0, 6, 7]   置信度：1.0000
[0, 1, 5, 9, 9, 9]=>[6, 7]   置信度：1.0000
[6]=>[0, 1, 5, 7, 9, 9, 9, 9, 9]   置信度：0.5000
[1, 6]=>[0, 5, 7, 9, 9, 9, 9, 9]   置信度：1.0000
[1, 6, 9]=>[0, 5, 7]   置信度：1.0000
[0, 1, 5, 6, 9, 9, 9, 9]=>[7]   置信度：1.0000
[7]=>[0, 1, 5, 6, 9, 9, 9, 9, 9]   置信度：0.4000
[1, 7, 9]=>[0, 5, 6]   置信度：1.0000
[0, 7]=>[1, 5, 6, 9, 9, 9, 9, 9]   置信度：1.0000
[5, 7]=>[0, 1, 6, 9, 9, 9, 9, 9]   置信度：0.6667
[1]=>[0, 9]   置信度：0.5000
[0]=>[1, 9]   置信度：0.4000
[0, 1]=>[9]   置信度：1.0000
[1]=>[5, 9]   置信度：0.5000
[5]=>[1, 9]   置信度：0.5000
[9]=>[1, 5]   置信度：0.5000
[1, 9]=>[5]   置信度：0.5000
[1]=>[6, 9]   置信度：0.5000
[6]=>[1, 9]   置信度：0.5000
[1, 6]=>[9]   置信度：1.0000
[9]=>[1, 6]   置信度：0.5000
[1, 9]=>[6]   置信度：0.5000
[1]=>[7, 9]   置信度：0.5000
[7]=>[1, 9]   置信度：0.4000
[9]=>[1, 7]   置信度：0.5000
[1, 9]=>[7]   置信度：0.5000
[1]=>[3]   置信度：0.5000
[3]=>[1]   置信度：1.0000
[1]=>[3, 5, 3]   置信度：0.5000
[3]=>[1, 5]   置信度：1.0000
[1, 3]=>[5]   置信度：1.0000
[5]=>[1, 3, 3]   置信度：0.5000
[1]=>[3, 5, 3, 9, 3]   置信度：0.5000
[3]=>[1, 5, 9]   置信度：1.0000
[1, 3]=>[5, 9]   置信度：1.0000
[5]=>[1, 3, 3, 3, 9]   置信度：0.5000
[1, 3, 5]=>[9]   置信度：1.0000
[1, 3, 3, 5]=>[9]   置信度：1.0000
[9]=>[1, 3, 3, 3, 5]   置信度：0.5000
[1, 9]=>[3, 3, 3, 5]   置信度：0.5000
[1, 3, 9]=>[5]   置信度：1.0000
[1, 5, 9]=>[3, 3, 3]   置信度：1.0000
[1]=>[5, 3]   置信度：0.5000
[5]=>[1, 3]   置信度：0.5000
[1]=>[9, 3]   置信度：0.5000
[9]=>[1, 3]   置信度：0.5000
[1, 9]=>[3]   置信度：0.5000
[3]=>[1, 9]   置信度：1.0000
[1, 3]=>[9]   置信度：1.0000
[1]=>[9, 3, 5, 9, 3]   置信度：0.5000
[9]=>[1, 3, 3, 5]   置信度：0.5000
[1, 9]=>[3, 3, 5]   置信度：0.5000
[3]=>[1, 5, 9, 9]   置信度：1.0000
[1, 3]=>[5, 9, 9]   置信度：1.0000
[5]=>[1, 3, 3, 9, 9]   置信度：0.5000
[1, 5, 9]=>[3, 3]   置信度：1.0000
[1, 3, 5]=>[9, 9]   置信度：1.0000
[1, 3, 3, 5]=>[9, 9]   置信度：1.0000
[1]=>[5, 9, 3]   置信度：0.5000
[5]=>[1, 3, 9]   置信度：0.5000
[9]=>[1, 3, 5]   置信度：0.5000
[1, 9]=>[3, 5]   置信度：0.5000
[1, 5, 9]=>[3]   置信度：1.0000
[5]=>[8]   置信度：0.5000
[8]=>[5]   置信度：1.0000
